# Created by Octave 3.6.4, Wed Sep 16 19:50:47 2015 BST <boris@dhcp-172-17-160-155.eduroam.wireless.private.cam.ac.uk>
# name: a
# type: matrix
# rows: 6
# columns: 2
 -0.7011844635310913 -0.5264864370996485
 -0.7011844635310913 0.4735135629003515
 0.2988155364689087 -0.5264864370996485
 0.2988155364689087 0.4735135629003515
 -0.2011844635310913 1.33953896668479
 1.005922317655456 -1.233593218286196


