# Created by Octave 3.6.4, Wed Sep 16 19:50:47 2015 BST <boris@dhcp-172-17-160-155.eduroam.wireless.private.cam.ac.uk>
# name: a
# type: matrix
# rows: 6
# columns: 2
 -1.122008467928146 -0.5
 -1.122008467928146 0.5
 -0.1220084679281461 -0.5
 -0.1220084679281461 0.5
 0.7440169358562925 0
 1.744016935856292 0


