# Created by Octave 3.6.4, Wed Sep 16 19:50:47 2015 BST <boris@dhcp-172-17-160-155.eduroam.wireless.private.cam.ac.uk>
# name: a
# type: matrix
# rows: 6
# columns: 2
 -0.75 -0.8110042339640731
 -0.75 0.1889957660359269
 0.25 -0.8110042339640731
 0.25 0.1889957660359269
 1.25 0.1889957660359269
 -0.25 1.055021169820366


