# Created by Octave 3.6.4, Wed Sep 16 19:50:47 2015 BST <boris@dhcp-172-17-160-155.eduroam.wireless.private.cam.ac.uk>
# name: a
# type: matrix
# rows: 6
# columns: 2
 -1.5 0
 -0.5 0
 0.5 0
 1.5 0
 0 0.8660254037844386
 0 -0.8660254037844386


