# Created by Octave 3.6.4, Wed Sep 16 19:50:47 2015 BST <boris@dhcp-172-17-160-155.eduroam.wireless.private.cam.ac.uk>
# name: a
# type: matrix
# rows: 6
# columns: 2
 0 -0.3416480087941099
 0.7071067811865476 -1.048754789980658
 -0.7071067811865476 -1.048754789980658
 0.5 0.5243773949903288
 -0.5 0.5243773949903288
 0 1.390402798774767


