# Created by Octave 3.6.4, Wed Sep 16 19:50:47 2015 BST <boris@dhcp-172-17-160-155.eduroam.wireless.private.cam.ac.uk>
# name: a
# type: matrix
# rows: 6
# columns: 2
 0.5 -0.382693523245995
 -0.5 -0.382693523245995
 0.8090169943749473 0.5683629930491587
 -0.8090169943749473 0.5683629930491587
 0 1.156145675225247
 0 -1.248718927030434


