# Created by Octave 3.6.4, Wed Sep 16 19:50:47 2015 BST <boris@dhcp-172-17-160-155.eduroam.wireless.private.cam.ac.uk>
# name: a
# type: matrix
# rows: 6
# columns: 2
 0 -0.09763107293781749
 0.8660254037844386 0.4023689270621825
 -0.8660254037844386 0.4023689270621825
 0 0.9023689270621825
 0.7071067811865476 -0.804737854124365
 -0.7071067811865476 -0.804737854124365


