# Created by Octave 3.6.4, Wed Sep 16 19:50:47 2015 BST <boris@dhcp-172-17-160-155.eduroam.wireless.private.cam.ac.uk>
# name: a
# type: matrix
# rows: 6
# columns: 2
 0 -0.01723742130532439
 0.7071067811865476 -0.7243442024918719
 0.9659258262890683 0.2415816237971964
 -0.7071067811865476 -0.7243442024918719
 -0.9659258262890683 0.2415816237971964
 0 0.9827625786946756


