# Created by Octave 3.6.4, Wed Sep 16 19:50:46 2015 BST <boris@dhcp-172-17-160-155.eduroam.wireless.private.cam.ac.uk>
# name: a
# type: matrix
# rows: 6
# columns: 2
 -0.660716575625763 -0.2325900821876137
 0.339283424374237 -0.2325900821876137
 1.339283424374237 -0.2325900821876137
 -0.160716575625763 0.6334399178123863
 0.839283424374237 0.6334399178123863
 -1.696417121871185 -0.5691095890619317


