# Created by Octave 3.6.4, Wed Sep 16 19:50:46 2015 BST <boris@dhcp-172-17-160-155.eduroam.wireless.private.cam.ac.uk>
# name: a
# type: matrix
# rows: 6
# columns: 2
 -0.6607165756257629 -0.3447632511457196
 0.339283424374237 -0.3447632511457196
 1.339283424374237 -0.3447632511457196
 -0.1607165756257629 0.5212667488542805
 0.8392834243742371 0.5212667488542805
 -1.696417121871185 -0.00824374427140221


