# Created by Octave 3.6.4, Wed Sep 16 19:50:46 2015 BST <boris@dhcp-172-17-160-155.eduroam.wireless.private.cam.ac.uk>
# name: a
# type: matrix
# rows: 6
# columns: 2
 -0.6761497225464578 -0.3794266666666667
 0.3238502774535423 -0.3794266666666667
 1.323850277453542 -0.3794266666666667
 -0.1761497225464577 0.4866033333333334
 0.8238502774535422 0.4866033333333334
 -1.619251387267711 0.1650733333333332


