# Created by Octave 3.6.4, Wed Sep 16 19:50:47 2015 BST <boris@dhcp-172-17-160-155.eduroam.wireless.private.cam.ac.uk>
# name: a
# type: matrix
# rows: 6
# columns: 2
 -0.8660254037844387 -0.6666666666666666
 -0.8660254037844387 0.3333333333333334
 -1.110223024625157e-16 -0.1666666666666666
 -1.110223024625157e-16 0.8333333333333334
 0.8660254037844385 -0.6666666666666666
 0.8660254037844385 0.3333333333333334


