# Created by Octave 3.6.4, Wed Sep 16 19:50:46 2015 BST <boris@dhcp-172-17-160-155.eduroam.wireless.private.cam.ac.uk>
# name: b
# type: matrix
# rows: 6
# columns: 2
 -0.8710693052167567 0.111142877133481
 0.1289306947832433 0.111142877133481
 1.128930694783243 0.111142877133481
 -0.3710693052167567 -0.754887122866519
 0.6289306947832433 -0.754887122866519
 -0.6446534739162166 1.176345614332595


