# Created by Octave 3.6.4, Wed Sep 16 19:50:46 2015 BST <boris@dhcp-172-17-160-155.eduroam.wireless.private.cam.ac.uk>
# name: b
# type: matrix
# rows: 6
# columns: 2
 -0.8333333333333334 0.1071766666666667
 0.1666666666666667 0.1071766666666667
 1.166666666666667 0.1071766666666667
 -0.3333333333333333 -0.7588533333333334
 0.6666666666666666 -0.7588533333333334
 -0.8333333333333335 1.196176666666667


