# Created by Octave 3.6.4, Wed Sep 16 19:50:46 2015 BST <boris@dhcp-172-17-160-155.eduroam.wireless.private.cam.ac.uk>
# name: b
# type: matrix
# rows: 6
# columns: 2
 -0.79559736144991 0.1111428771334809
 0.2044026385500899 0.1111428771334809
 1.20440263855009 0.1111428771334809
 -0.2955973614499101 -0.754887122866519
 0.70440263855009 -0.754887122866519
 -1.02201319275045 1.176345614332595


