# Created by Octave 3.6.4, Wed Sep 16 19:50:46 2015 BST <boris@dhcp-172-17-160-155.eduroam.wireless.private.cam.ac.uk>
# name: b
# type: matrix
# rows: 6
# columns: 2
 -0.6984525475091863 0.1672294616125339
 0.3015474524908137 0.1672294616125339
 1.301547452490814 0.1672294616125339
 -0.1984525475091863 -0.6988005383874661
 0.8015474524908137 -0.6988005383874661
 -1.507737262454069 0.8959126919373305


