# Created by Octave 3.6.4, Wed Sep 16 19:50:46 2015 BST <boris@dhcp-172-17-160-155.eduroam.wireless.private.cam.ac.uk>
# name: b
# type: matrix
# rows: 6
# columns: 2
 -0.6528276093239918 0.3076485827497457
 0.3471723906760083 0.3076485827497457
 1.347172390676008 0.3076485827497457
 -0.1528276093239917 -0.5583814172502543
 0.8471723906760082 -0.5583814172502543
 -1.735861953380041 0.1938170862512714


