# Created by Octave 3.6.4, Wed Sep 16 19:50:46 2015 BST <boris@dhcp-172-17-160-155.eduroam.wireless.private.cam.ac.uk>
# name: b
# type: matrix
# rows: 6
# columns: 2
 -0.7266503100422494 0.4355132511457196
 0.2733496899577505 0.4355132511457196
 1.273349689957751 0.4355132511457196
 -0.2266503100422495 -0.4305167488542804
 0.7733496899577506 -0.4305167488542804
 -1.366748449788753 -0.4455062557285981


