# Created by Octave 3.6.4, Wed Sep 16 19:50:46 2015 BST <boris@dhcp-172-17-160-155.eduroam.wireless.private.cam.ac.uk>
# name: a
# type: matrix
# rows: 6
# columns: 2
 -1.009510632615076 -0.5988212024543516
 -0.009510632615075704 -0.5988212024543516
 0.9904893673849243 -0.5988212024543516
 -0.5095106326150757 0.2672042013300874
 0.4904893673849243 0.2672042013300874
 0.04755316307537838 1.26205520470288


