# Created by Octave 3.6.4, Wed Sep 16 19:50:46 2015 BST <boris@dhcp-172-17-160-155.eduroam.wireless.private.cam.ac.uk>
# name: a
# type: matrix
# rows: 6
# columns: 2
 -1.083333333333333 -0.6145127018922195
 -0.0833333333333334 -0.6145127018922195
 0.9166666666666666 -0.6145127018922195
 -0.5833333333333334 0.2515127018922195
 0.4166666666666666 0.2515127018922195
 0.4166666666666669 1.34051270189222


