# Created by Octave 3.6.4, Wed Sep 16 19:50:46 2015 BST <boris@dhcp-172-17-160-155.eduroam.wireless.private.cam.ac.uk>
# name: a
# type: matrix
# rows: 6
# columns: 2
 -1.121069305216757 -0.6105464914254052
 -0.1210693052167568 -0.6105464914254052
 0.8789306947832433 -0.6105464914254052
 -0.6210693052167567 0.2554789123590338
 0.3789306947832432 0.2554789123590338
 0.6053465260837837 1.320681649558148


