# Created by Octave 3.6.4, Wed Sep 16 19:50:46 2015 BST <boris@dhcp-172-17-160-155.eduroam.wireless.private.cam.ac.uk>
# name: a
# type: matrix
# rows: 6
# columns: 2
 -1.190016356624417 -0.5798492863712724
 -0.1900163566244172 -0.5798492863712724
 0.8099836433755828 -0.5798492863712724
 -0.6900163566244172 0.2861761174131666
 0.3099836433755827 0.2861761174131666
 0.9500817831220861 1.167195624287484


