# Created by Octave 3.6.4, Wed Sep 16 19:50:46 2015 BST <boris@dhcp-172-17-160-155.eduroam.wireless.private.cam.ac.uk>
# name: a
# type: matrix
# rows: 6
# columns: 2
 -1.21821411915748 -0.5544599069463522
 -0.2182141191574805 -0.5544599069463522
 0.7817858808425195 -0.5544599069463522
 -0.7182141191574805 0.3115654968380868
 0.2817858808425195 0.3115654968380868
 1.091070595787402 1.040248727162883


