# Created by Octave 3.6.4, Wed Sep 16 19:50:46 2015 BST <boris@dhcp-172-17-160-155.eduroam.wireless.private.cam.ac.uk>
# name: a
# type: matrix
# rows: 6
# columns: 2
 -1.255950091040904 -0.4890992863712724
 -0.2559500910409037 -0.4890992863712724
 0.7440499089590963 -0.4890992863712724
 -0.7559500910409037 0.3769261174131666
 0.2440499089590962 0.3769261174131666
 1.279750455204518 0.713445624287484


