# Created by Octave 3.6.4, Wed Sep 16 19:50:46 2015 BST <boris@dhcp-172-17-160-155.eduroam.wireless.private.cam.ac.uk>
# name: a
# type: matrix
# rows: 6
# columns: 2
 -1.263839057342675 -0.4519846179752985
 -0.263839057342675 -0.4519846179752985
 0.736160942657325 -0.4519846179752985
 -0.763839057342675 0.4140407858091404
 0.236160942657325 0.4140407858091404
 1.319195286713375 0.5278722823076145


