# Created by Octave 3.6.4, Wed Sep 16 19:50:46 2015 BST <boris@dhcp-172-17-160-155.eduroam.wireless.private.cam.ac.uk>
# name: b
# type: matrix
# rows: 6
# columns: 2
 -1.04559736144991 0.6105464914254052
 -0.0455973614499102 0.6105464914254052
 0.9544026385500899 0.6105464914254052
 -0.5455973614499101 -0.2554789123590337
 0.4544026385500898 -0.2554789123590337
 0.2279868072495508 -1.320681649558148


