# Created by Octave 3.6.4, Wed Sep 16 19:50:46 2015 BST <boris@dhcp-172-17-160-155.eduroam.wireless.private.cam.ac.uk>
# name: b
# type: matrix
# rows: 6
# columns: 2
 -1.157156034051591 0.5988212024543514
 -0.1571560340515913 0.5988212024543514
 0.8428439659484088 0.5988212024543514
 -0.6571560340515912 -0.2672042013300874
 0.3428439659484088 -0.2672042013300874
 0.785780170257956 -1.262055204702879


