# Created by Octave 3.6.4, Wed Sep 16 19:50:46 2015 BST <boris@dhcp-172-17-160-155.eduroam.wireless.private.cam.ac.uk>
# name: b
# type: matrix
# rows: 6
# columns: 2
 -1.240516944120209 0.5237627018922193
 -0.240516944120209 0.5237627018922193
 0.759483055879791 0.5237627018922193
 -0.740516944120209 -0.3422627018922196
 0.259483055879791 -0.3422627018922196
 1.202584720601045 -0.8867627018922188


