# Created by Octave 3.6.4, Wed Sep 16 19:50:46 2015 BST <boris@dhcp-172-17-160-155.eduroam.wireless.private.cam.ac.uk>
# name: a
# type: matrix
# rows: 6
# columns: 2
 -0.3925698525444147 -0.2543284247275994
 0.4734555512400243 0.2456715752724006
 0.4734555512400243 -0.7543284247275994
 1.339480955024462 -0.2543284247275994
 -0.5064013490428894 0.8287059193284501
 -1.387420855917207 0.1886077795819471


