# Created by Octave 3.6.4, Wed Sep 16 19:50:46 2015 BST <boris@dhcp-172-17-160-155.eduroam.wireless.private.cam.ac.uk>
# name: a
# type: matrix
# rows: 6
# columns: 2
 -0.3437298951773872 -0.2103527295909937
 0.5222955086070518 0.2896472704090063
 0.5222955086070518 -0.7103527295909937
 1.38832091239149 -0.2103527295909937
 -0.6802494020517049 0.8253478166544284
 -1.408932632376501 0.01606310170954631


