# Created by Octave 3.6.4, Wed Sep 16 19:50:46 2015 BST <boris@dhcp-172-17-160-155.eduroam.wireless.private.cam.ac.uk>
# name: a
# type: matrix
# rows: 6
# columns: 2
 -0.3051002691896258 -0.1571836107868756
 0.5609251345948131 0.3428163892131244
 0.5609251345948131 -0.6571836107868756
 1.426950538379251 -0.1571836107868756
 -0.8496002691896257 0.785918053934378
 -1.394100269189626 -0.1571836107868754


