# Created by Octave 3.6.4, Wed Sep 16 19:50:46 2015 BST <boris@dhcp-172-17-160-155.eduroam.wireless.private.cam.ac.uk>
# name: a
# type: matrix
# rows: 6
# columns: 2
 -0.2647051841484408 -0.0328603225728262
 0.6013202196359981 0.4671396774271738
 0.6013202196359981 -0.5328603225728262
 1.467345623420436 -0.0328603225728262
 -1.145724691022758 0.6072378171736771
 -1.259556187521233 -0.4757965268823723


