# Created by Octave 3.6.4, Wed Sep 16 19:50:46 2015 BST <boris@dhcp-172-17-160-155.eduroam.wireless.private.cam.ac.uk>
# name: a
# type: matrix
# rows: 6
# columns: 2
 -0.2647051841484407 0.03286032257282606
 0.6013202196359981 0.5328603225728261
 0.6013202196359981 -0.4671396774271739
 1.467345623420436 0.03286032257282606
 -1.259556187521233 0.4757965268823727
 -1.145724691022759 -0.607237817173677


