# Created by Octave 3.6.4, Wed Sep 16 19:50:47 2015 BST <boris@dhcp-172-17-160-155.eduroam.wireless.private.cam.ac.uk>
# name: a
# type: matrix
# rows: 6
# columns: 2
 -0.2783692746023073 0.09714481394072368
 0.5876561291821316 0.5971448139407237
 0.5876561291821316 -0.4028551860592763
 1.45368153296657 0.09714481394072368
 -1.343572011801421 0.3235606452412637
 -1.007052504927104 -0.7121399010041584


