# Created by Octave 3.6.4, Wed Sep 16 19:50:47 2015 BST <boris@dhcp-172-17-160-155.eduroam.wireless.private.cam.ac.uk>
# name: a
# type: matrix
# rows: 6
# columns: 2
 -0.3051002691896257 0.1571836107868755
 0.5609251345948132 0.6571836107868755
 0.5609251345948132 -0.3428163892131245
 1.426950538379251 0.1571836107868755
 -1.394100269189626 0.1571836107868758
 -0.8496002691896261 -0.785918053934378


