# Created by Octave 3.6.4, Wed Sep 16 19:50:47 2015 BST <boris@dhcp-172-17-160-155.eduroam.wireless.private.cam.ac.uk>
# name: a
# type: matrix
# rows: 6
# columns: 2
 -0.3437298951773871 0.2103527295909936
 0.5222955086070519 0.7103527295909936
 0.5222955086070519 -0.2896472704090064
 1.38832091239149 0.2103527295909936
 -1.408932632376501 -0.01606310170954606
 -0.6802494020517051 -0.8253478166544285


