# Created by Octave 3.6.4, Wed Sep 16 19:50:47 2015 BST <boris@dhcp-172-17-160-155.eduroam.wireless.private.cam.ac.uk>
# name: a
# type: matrix
# rows: 6
# columns: 2
 -0.3925698525444146 0.2543284247275993
 0.4734555512400244 0.7543284247275992
 0.4734555512400244 -0.2456715752724007
 1.339480955024463 0.2543284247275993
 -1.387420855917207 -0.188607779581947
 -0.5064013490428895 -0.8287059193284503


