# Created by Octave 3.6.4, Wed Sep 16 19:50:47 2015 BST <boris@dhcp-172-17-160-155.eduroam.wireless.private.cam.ac.uk>
# name: a
# type: matrix
# rows: 6
# columns: 2
 -0.726 0.04863277842624883
 0.3630000000000001 0.04863277842624883
 -0.1814999999999999 0.9917344431475026
 0.9075000000000002 0.9917344431475026
 -0.4148375399798685 -0.9949662458518598
 0.6741624600201317 -0.9949662458518598


