# Created by Octave 3.6.4, Wed Sep 16 19:50:47 2015 BST <boris@dhcp-172-17-160-155.eduroam.wireless.private.cam.ac.uk>
# name: a
# type: matrix
# rows: 6
# columns: 2
 -0.726 0.04863277842624883
 0.3630000000000001 0.04863277842624883
 -0.1814999999999999 0.9917344431475026
 0.9075000000000002 0.9917344431475026
 -1.091581273624468 -0.9771699961728025
 -0.002581273624467557 -0.9771699961728025


