# Created by Octave 3.6.4, Wed Sep 16 19:50:47 2015 BST <boris@dhcp-172-17-160-155.eduroam.wireless.private.cam.ac.uk>
# name: b
# type: matrix
# rows: 6
# columns: 2
 -0.8893520790930443 -0.009801096211901332
 0.1996479209069558 -0.009801096211901332
 -0.3448520790930442 -0.9529027609331551
 0.7441479209069559 -0.9529027609331551
 -0.3992958418139117 0.9627038571450565
 0.6897041581860883 0.9627038571450565


