# Created by Octave 3.6.4, Wed Sep 16 19:50:47 2015 BST <boris@dhcp-172-17-160-155.eduroam.wireless.private.cam.ac.uk>
# name: b
# type: matrix
# rows: 6
# columns: 2
 -0.8297208200067105 -0.03349911985228496
 0.2592791799932895 -0.03349911985228496
 -0.2852208200067106 -0.9766007845735387
 0.8037791799932896 -0.9766007845735387
 -0.5185583599865791 1.010099904425824
 0.5704416400134211 1.010099904425824


