# Created by Octave 3.6.4, Wed Sep 16 19:50:47 2015 BST <boris@dhcp-172-17-160-155.eduroam.wireless.private.cam.ac.uk>
# name: b
# type: matrix
# rows: 6
# columns: 2
 -0.7623083163721773 -0.04681238217238769
 0.3266916836278228 -0.04681238217238769
 -0.2178083163721773 -0.9899140468936415
 0.8711916836278228 -0.9899140468936415
 -0.6533833672556457 1.036726429066029
 0.4356166327443545 1.036726429066029


