# Created by Octave 3.6.4, Wed Sep 16 19:50:47 2015 BST <boris@dhcp-172-17-160-155.eduroam.wireless.private.cam.ac.uk>
# name: b
# type: matrix
# rows: 6
# columns: 2
 -0.6871145681894439 -0.04654401847414002
 0.4018854318105561 -0.04654401847414002
 -0.1426145681894439 -0.9896456831953938
 0.9463854318105562 -0.9896456831953938
 -0.8037708636211123 1.036189701669534
 0.2852291363788878 1.036189701669534


