# Created by Octave 3.6.4, Wed Sep 16 19:50:47 2015 BST <boris@dhcp-172-17-160-155.eduroam.wireless.private.cam.ac.uk>
# name: b
# type: matrix
# rows: 6
# columns: 2
 -0.6041395754585108 -0.02756703662593253
 0.4848604245414893 -0.02756703662593253
 -0.05963957545851077 -0.9706687013471863
 1.029360424541489 -0.9706687013471863
 -0.9697208490829787 0.9982357379731188
 0.1192791509170216 0.9982357379731188


