# Created by Octave 3.6.4, Wed Sep 16 19:50:47 2015 BST <boris@dhcp-172-17-160-155.eduroam.wireless.private.cam.ac.uk>
# name: a
# type: matrix
# rows: 6
# columns: 2
 0.07382270071825771 -0.1228666340326808
 1.073822700718258 -0.1228666340326808
 -0.9261772992817423 -0.1228666340326808
 0.5738227007182577 0.7431587697517578
 -0.4261772992817423 0.7431587697517578
 -0.3691135035912885 -1.117717637405473


