# Created by Octave 3.6.4, Wed Sep 16 19:50:47 2015 BST <boris@dhcp-172-17-160-155.eduroam.wireless.private.cam.ac.uk>
# name: a
# type: matrix
# rows: 6
# columns: 2
 2.222733940452446e-17 -0.1071751345948129
 1 -0.1071751345948129
 -1 -0.1071751345948129
 0.5 0.7588502691896257
 -0.5 0.7588502691896257
 -1.111366970226223e-16 -1.196175134594813


