# Created by Octave 3.6.4, Wed Sep 16 19:50:47 2015 BST <boris@dhcp-172-17-160-155.eduroam.wireless.private.cam.ac.uk>
# name: a
# type: matrix
# rows: 6
# columns: 2
 -0.03773597188342327 -0.1111413450616271
 0.9622640281165767 -0.1111413450616271
 -1.037735971883423 -0.1111413450616271
 0.4622640281165767 0.7548840587228114
 -0.5377359718834233 0.7548840587228114
 0.1886798594171163 -1.176344082260741


