# Created by Octave 3.6.4, Wed Sep 16 19:50:47 2015 BST <boris@dhcp-172-17-160-155.eduroam.wireless.private.cam.ac.uk>
# name: a
# type: matrix
# rows: 6
# columns: 2
 0.1378095194341814 -0.05078194623123474
 0.1378095194341814 0.9492180537687652
 1.00383492321862 0.4492180537687653
 -0.7282158843502572 0.4492180537687653
 -0.7650123970782592 -0.6597430181108779
 0.2137743193415335 -1.137129196964183


