# Created by Octave 3.6.4, Wed Sep 16 19:50:47 2015 BST <boris@dhcp-172-17-160-155.eduroam.wireless.private.cam.ac.uk>
# name: a
# type: matrix
# rows: 6
# columns: 2
 0.07605231415752277 -0.02830416175906331
 0.07605231415752277 0.9716958382409366
 0.9420777179419614 0.4716958382409367
 -0.7899730896269158 0.4716958382409367
 -0.6804306512723255 -0.8116652043278543
 0.3762213946422345 -1.075118148635893


