# Created by Octave 3.6.4, Wed Sep 16 19:50:47 2015 BST <boris@dhcp-172-17-160-155.eduroam.wireless.private.cam.ac.uk>
# name: a
# type: matrix
# rows: 6
# columns: 2
 0.01097125781268752 -0.01915761577704682
 0.01097125781268752 0.9808423842229531
 0.8769966615971261 0.4808423842229533
 -0.8550541459717511 0.4808423842229533
 -0.5661108209372726 -0.9426819924913947
 0.5222257896865224 -0.9806875444004182


