# Created by Octave 3.6.4, Wed Sep 16 19:50:47 2015 BST <boris@dhcp-172-17-160-155.eduroam.wireless.private.cam.ac.uk>
# name: a
# type: matrix
# rows: 6
# columns: 2
 -0.05458929514449795 -0.02374205623459647
 -0.05458929514449795 0.9762579437654035
 0.8114361086399406 0.4762579437654036
 -0.9206146989289365 0.4762579437654036
 -0.4270492312261513 -1.047067320270451
 0.6454064118041432 -0.8579644547911637


