# Created by Octave 3.6.4, Wed Sep 16 19:50:47 2015 BST <boris@dhcp-172-17-160-155.eduroam.wireless.private.cam.ac.uk>
# name: a
# type: matrix
# rows: 6
# columns: 2
 -0.1177640339553681 -0.04185712108513134
 -0.1177640339553681 0.9581428789148686
 0.7482613698290705 0.4581428789148687
 -0.9837894377398066 0.4581428789148687
 -0.2693235409008796 -1.120259047944701
 0.7403796767223518 -0.7123124677147735


