# Created by Octave 3.6.4, Wed Sep 16 19:50:47 2015 BST <boris@dhcp-172-17-160-155.eduroam.wireless.private.cam.ac.uk>
# name: a
# type: matrix
# rows: 6
# columns: 2
 0 0
 0 1.301587554518002
 0.8731485895773765 0.650793777259001
 -0.8731485895773765 0.650793777259001
 1.000178238519815 -0.4307719712230601
 -1.000178238519815 -0.4307719712230601


