# Created by Octave 3.6.4, Wed Sep 16 19:50:47 2015 BST <boris@dhcp-172-17-160-155.eduroam.wireless.private.cam.ac.uk>
# name: a
# type: matrix
# rows: 6
# columns: 2
 0 0
 0 1.620468886295005
 0.7276270659736734 0.8102344431475025
 -0.7276270659736734 0.8102344431475025
 1.065497143773712 -0.2250263020405856
 -1.065497143773712 -0.2250263020405856


