# Created by Octave 3.6.4, Wed Sep 16 19:50:46 2015 BST <boris@dhcp-172-17-160-155.eduroam.wireless.private.cam.ac.uk>
# name: a
# type: matrix
# rows: 6
# columns: 2
 -0.7595106326150757 -0.1228681661045346
 0.2404893673849244 -0.1228681661045346
 1.240489367384924 -0.1228681661045346
 -0.2595106326150756 0.7431618338954654
 0.7404893673849243 0.7431618338954654
 -1.202446836924622 -1.117719169477327


