# Created by Octave 3.6.4, Wed Sep 16 19:50:47 2015 BST <boris@dhcp-172-17-160-155.eduroam.wireless.private.cam.ac.uk>
# name: b
# type: matrix
# rows: 6
# columns: 2
 0 -0
 0 -1.142146888629501
 0.927251918951095 -0.5710734443147503
 -0.927251918951095 -0.5710734443147503
 0.9581900696787993 0.5174869953621425
 -0.9581900696787993 -1.659633883991643


