# Created by Octave 3.6.4, Wed Sep 16 19:50:47 2015 BST <boris@dhcp-172-17-160-155.eduroam.wireless.private.cam.ac.uk>
# name: b
# type: matrix
# rows: 6
# columns: 2
 0 -0
 0 -1.461028220406503
 0.807632425546394 -0.7305141102032517
 -0.807632425546394 -0.7305141102032517
 1.036459990032198 0.3341731423415955
 -1.036459990032198 -1.795201362748099


