# Created by Octave 3.6.4, Wed Sep 16 19:50:47 2015 BST <boris@dhcp-172-17-160-155.eduroam.wireless.private.cam.ac.uk>
# name: b
# type: matrix
# rows: 6
# columns: 2
 0 -0
 0 -1.779909552183506
 0.6276157236012159 -0.8899547760917531
 -0.6276157236012159 -0.8899547760917531
 1.084531306115358 0.09855377240732895
 -1.084531306115358 -1.878463324590835


