# Created by Octave 3.6.4, Wed Sep 16 19:50:47 2015 BST <boris@dhcp-172-17-160-155.eduroam.wireless.private.cam.ac.uk>
# name: a
# type: matrix
# rows: 6
# columns: 2
 -2.077350269189626 0
 -1.077350269189626 0
 -0.07735026918962573 0
 0.7886751345948126 0.5
 0.7886751345948126 -0.5
 1.654700538379251 0


