# Created by Octave 3.6.4, Wed Sep 16 19:50:47 2015 BST <boris@dhcp-172-17-160-155.eduroam.wireless.private.cam.ac.uk>
# name: a
# type: matrix
# rows: 6
# columns: 2
 -0.5550211698203655 -0.25
 -1.555021169820366 -0.25
 1.177029637748512 -0.25
 0.3110042339640731 0.25
 0.3110042339640731 -0.75
 0.3110042339640731 1.25


