# Created by Octave 3.6.4, Wed Sep 16 19:50:47 2015 BST <boris@dhcp-172-17-160-155.eduroam.wireless.private.cam.ac.uk>
# name: a
# type: matrix
# rows: 6
# columns: 2
 -0.288675134594813 -0.1666666666666668
 -1.154700538379251 0.3333333333333334
 -1.154700538379251 -0.6666666666666667
 0.5773502691896256 0.3333333333333334
 0.5773502691896256 -0.6666666666666667
 1.443375672974064 0.8333333333333333


